#Build cryostat walls as G4Polycone, input coordinate pairs (z,r). 
#To have TTree readfile working properly, pad short columns with -1 (because no R<0!!)
#Z_300K  Z_50K   Z_4K    Z_still RI_300K RI_50K  RI_4K   RI_still RO_300K RO_50K  RO_4K   RO_still[mm], w.r.t center of shield cube.
 -227.5  -210.0  -192.5  -175.0  0      0      0      0       220.0  202.5  185.0  167.5
 -225.0  -207.5  -190.0  -172.5  0      0      0      0       220.0  202.5  185.0  167.5
 -225.0  -207.5  -190.0  -172.5  217.5  200.0  182.5  165.0   220.0  202.5  185.0  167.5
  380.0   372.5   365.0   361.75 217.5  200.0  182.5  165.0   220.0  202.5  185.0  167.5
  380.0   372.5   365.0   361.75 217.5  200.0  182.5  165.0   230.0  212.5  195.0  177.5
  400.0   392.5   385.0   383.75 217.5  200.0  182.5  165.0   230.0  212.5  195.0  177.5
  400.0   392.5   385.0   383.75 217.5  200.0  182.5  165.0   220.0  202.5  185.0  167.5
 1027.5   995.0   962.5   942.50 217.5  200.0  182.5  165.0   220.0  202.5  185.0  167.5
# 1027.5   995.0   962.5   942.50 217.5  200.0  182.5  165.0   217.5  200.0  182.5  165.0

